2481578583027471568
6371840071050718818
1205156855497438651
6420652277951202319
16853172040664318368
13090834387288555866
9143046820718817254
9823154629291983216
7433921336726955164
11220506915563523334
3453677852767779047
12678561099173616347
15711215862912595570
7664956978639796553
14280365462501457479
9743783430603084330
15454175909746519195
15642522251141583135
14170640002140963711
17809312810406670587
17538133493798274344
5525454386471573608
7113137096672952194
17620299787331037237
4186788240934563763
14807713370791934306
11609133472498410521
17733900054384824112
5006275177947317657
3448322804788509409
8939389810236531365
6569011116422310413
3420055618178023438
1408551510662794263
4559712333486220776
7143859456114284605
18286173231207165033
9927256678895912324
7462690877971986017
16362531469117071589
1318866613870245857
15994830426935517205
8248454173956168117
15491684146357004907
17072134669588044186
4880867926017860295
9579861409858782343
8959459518434232106
1043996437161765535
9420700553042568452
12030383005375314460
2455742422579901606
8536891364157859640
9527709595347695003
2203550591290654695
2962778239795007272
163596324200623503
15939689738389432304
14491671992583873644
523257710622491396
16488651729969973699
9857718181476353375
5038339283343402198
3633730248979272466
6136034407719162054
1727954501558744572
15327673103912912572
3326410043723917181
7043767398349107611
9271549307114683152
5134101513458792980
15275419463876568279
4003378595931219014
12970693781038462734
8088319185223179814
7993914797543181958
12300138831601104656
10316255395751881681
8606218782155902545
9548710808675179775
1158631902610744323
14005444730922860563
865137223558918701
13630361896136929043
542886469265693097
6173698276127903721
2831488301639896991
12125893335553415840
13741418959027940056
6268221857994083069
17019773476908570121
18079752183135312747
3804375656743741745
16652558662738343026
131067192086553955
8041037639165893650
14382948991146486315
11438389255139887860
5922858562729050416
6388731321089829967
7070435086255960063
14774416303111900872
13985543503347020525
8725074556079419667
11673303181157114174
10451893584537698646
17975364036928413391
1218395580916151974
15630538108849648062
1451203647331725077
5464044516895884714
17823154114593932748
4257847353744704091
390693145812834329
5606771271298862053
12945632412054469568
11147538353082627423
4435696602273056239
15115338236280966148
466467706609916079
6675765216523549704
2705430162301485596
2158988686773228975
2503559268801601196
4896767029071395154
806115749990129723
1246683901352439114
6324337228455490043
